0.0 0.0
2.250000000000000056e-01 4.299999999999999822e+00
2.750000000000000222e-01 1.009999999999999964e+01
3.249999999999999556e-01 2.250000000000000000e+01
3.750000000000000000e-01 2.330000000000000071e+01
4.250000000000000444e-01 3.470000000000000284e+01
4.749999999999999778e-01 3.180000000000000071e+01
5.250000000000000222e-01 4.329999999999999716e+01
5.749999999999999556e-01 4.800000000000000000e+01
6.250000000000000000e-01 5.100000000000000000e+01
6.750000000000000444e-01 5.829999999999999716e+01
7.249999999999999778e-01 6.659999999999999432e+01
7.750000000000000222e-01 6.490000000000000568e+01
8.249999999999999556e-01 7.090000000000000568e+01
8.750000000000000000e-01 7.070000000000000284e+01
9.250000000000000444e-01 6.620000000000000284e+01
9.749999999999999778e-01 5.310000000000000142e+01
1.024999999999999911e+00 2.839999999999999858e+01
1.075000000000000178e+00 2.200000000000000000e+01
1.125000000000000000e+00 1.300000000000000000e+01
1.174999999999999822e+00 7.700000000000000178e+00
1.225000000000000089e+00 4.700000000000000178e+00
1.274999999999999911e+00 2.299999999999999822e+00
1.325000000000000178e+00 1.000000000000000000e+00
1.375 0.0
2.0 0.0
